
nan
nan
nan
nan
nan
nan
nan
nan
nan
nan
nan
nan
44100.0
10029.661466842135
602.8276449493817
15809.606764511407
17485.52815736364
28395.041094364373
14691.392885316478
6179.959764386791
3120.827062801543
15593.739315767387
23967.314932243575
18257.744003956715
2628.600292547931
7897.62090037585
21039.216603344736
40179.04753692675
28678.738764658046
10480.893518907169
35529.245440235456
8180.5487557357355
35938.29980372576
14808.732586858832
41972.84277258466
28054.737800393395
12592.275746213598
4694.429585731634
41019.001823882325
35444.13643095901
43301.03467622895
42307.74729430608
28461.37977878513
19212.38128490115
21013.879647665315
23278.994981746117
31157.86943216545
39581.08983592222
8529.475305651804
36416.75067188389
44100.0
37100.28785274026
28170.64400239098
29477.804484110522
30683.552577271723
18483.291083437503
7755.191523879803
4845.847868800771
35250.60598308704
40939.95630472213
17505.105456967038
5015.48911649269
32431.27225175247
13173.458461620809
22221.711029001126
34252.10382775731
42358.50815173299
36884.24408305797
9855.756139659128
36299.09644846545
15326.887912516517
22633.35304340989
26981.25764929101
43171.50111466666
22631.363822970383
7186.534985218485
4629.805748156261
20112.21542099103
3747.752859169682
1032.2591038358994
40610.36355430844
681.7045625954405
11083.192489033625
34992.22886502303
5558.207646723685
32254.172869103335
29215.795704342774
36436.22741836621
9688.89929187026
9260.336443596616
5965.64075166944
22589.929981272242
7490.637984814893
25647.991819120565
43042.43750576594
12323.677351748167
32880.820474311855
39211.20827956399
6890.122387114174
16877.658495105967
31950.68300756451
26488.931978949266
24898.901947590646
33245.47064903192
13136.212615306706
17834.264609665803
8738.943263557718
3641.5212505889995
14772.406968507703
31957.337452674034
960.8173552819462
41581.433194530364
25949.30496050092
37964.35945211244
29500.346808878872
10397.085390522643
11027.923946120824
20586.452055797276
21448.341723336114
18137.415416519074
26286.45823278133
3417.9654728307846
9299.005368405726
31720.811071819266
7108.4995980994245
10485.576027963465
34816.89684674076
17423.572588677507
37968.31049121494
11177.274709770774
27812.277634705286
34773.03514106625
20584.246314814685
36910.53482459011
5729.490867861166
2817.775472718241
5818.021774541233
8009.172008187645
33330.737828235775
7251.084641244291
24872.122598554233
13010.362806431913
24939.023503490633
9753.134463660692
8854.728615074224
5559.490918590316
32552.398256802782
1781.7833786353556
35783.902806680446
23473.098770756933
14508.702638321789
8661.193135194802
10599.731693047966
26230.764593801086
7733.908203770851
15089.826783570148
20613.14379752026
16413.85305292785
2821.9176926809523
36045.95085682915
20651.54000539718
31497.438921666617
5881.060100279304
14574.333582037232
34557.25535571633
38627.71490552173
39576.213790031594
11651.292609332746
7325.900054855086
39362.89096309251
41985.92822045462
858.5961211687817
4215.129843531016
33100.90974016635
16630.96895164275
6893.241545092273
43346.37762947741
31399.35728206318
43879.66480297468
44056.102910949885
41843.58383685726
3341.7627777338007
37038.606577303515
22392.53467635484
23015.8192878118
5963.517979120388
33483.10488309345
33014.04868771928
664.0087826075599
40460.37568640213
25232.439883277057
30769.813516067163
23731.221232114276
43862.36177538017
6782.493468152144
42530.58157766278
37380.252366094384
10725.412880988726
5465.168072327552
17178.52221040176
17396.82926495226
7776.547053022423
36203.56870539177
16838.25167350199
39150.437193118756
6930.092032025492
3557.865778006161
19080.561726275002
627.0304556841076
30013.980134296955
30641.131145002528
36950.60156164822
13974.2415838184
28783.972498609473
28102.913953085113
8423.239585497575
5315.326260122782
18664.011924317056
26140.180937239365
18824.924312242594
26571.513610085145
37665.05279913378
37812.435684073724
31044.10208309949
14684.887278741118
40073.29693101536
28102.444248205444
32478.680116491807
37340.447250585865
7215.420298841467
3167.7282857733526
44100.0
1682.0090093999677
38246.33912495386
20826.26682234366
21470.472107641872
2324.5166442457767
30963.77353129016
1013.6579733640685
856.1999139851725
31097.263484774812
27969.10524428161
26700.59244392743
42377.231398406686
40548.70685530243
34040.44023586669
39936.02228783703
26119.906664628565
11027.044066944816
5790.000673400947
1893.9330088768268
37298.145409793884
38433.70577753273
30723.32651379955
29244.367113456152
18280.807314337297
10788.555189861821
20198.446367511056
36929.81414772926
9196.53069459591
18866.020141383906
11797.949232531422
17370.502218017904
5912.398181614951
25731.649188768326
18481.571162169697
40541.71977666215
4010.704396242853
5851.515318598007
39282.112798618145
28212.823054536835
18233.70050685945
12596.121249211476
42763.17824243253
2780.578631634244
3268.2771594404917
22412.15028880432
15141.842093011614
43798.793439536545
6740.642945677732
3766.2737425462756
196.38863787857812
30926.721789014682
39319.793033360635
18559.69521480896
23036.732621816915
43692.737345964415
6874.04921123142
366.2941741949484
14065.384942196682
31589.756273645722
11473.755989419642
26444.75905420985
17787.1717650778
42248.694978536194
30036.214056004857
24226.754101787967
2454.5050931116443
5300.927104529212
32777.090300428856
840.2394288383177
1686.1428628136048
647.1079483374228
2372.664857972116
39663.546452881914
31442.182337808586
27072.16807708889
20327.58917996606
9621.854299795476
34468.20715380954
13027.37927656674
4692.157206048506
29698.164639863957
26813.771215588662
13567.477524805658
27255.87279097056
18286.65771922632
14791.883657217202
3783.321987068059
40673.175987108225
24159.822083287618
13175.215524659172
43456.34871066246
3230.552684794288
17229.681355133067
38543.301355890966
28913.18052749856
41793.68195746742
26485.203852326686
44036.27667873802
13224.634277001773
32605.873341359846
6178.622961365953
2373.851517903119
35295.652879390116
2754.644376094886
3570.344366551194
13476.90727558988
1189.7868152560884
10507.472831009674
35171.18087017474
37873.145739782114
39551.69924608804
1675.5919806137588
8243.345515386043
17438.573878611332
36438.71816791257
17414.120472561535
38398.26116512599
26850.552966691885
37833.248833669146
9941.599957688522
12399.835864157447
32694.41869428291
38850.70907608257
18495.6274409726
13047.884241898588
22527.25155852758
2066.952816520353
12665.30398893783
14106.051428758767
37405.608032326694
34754.256153943075
23020.21307624227
30096.857389758763
27493.79049379366
30376.837509380253
33583.57729884589
6745.07025036988
38871.130147044125
6354.826199199573
27849.264909381498
15177.259298978726
4346.298474125604
35293.15602444366
35148.25709651475
18556.475200540746
24161.287391742793
9598.953113307402
8290.423240030543
38740.89215387127
9802.321982808804
21684.406207876367
20477.89348368947
34068.65858470091
1072.0650654556387
16582.76522685146
24614.368267321293
42353.95342946526
27257.810029970293
23297.168893146176
44100.0
28077.13883361853
42633.14398460894
17459.929217493467
37895.45535339034
43383.74087817981
9295.033628451049
13437.258364740903
1633.3949398220273
26722.67019320342
9797.967147336789
3233.7489320670547
20071.94032648604
1636.4650209538984
28101.94610140727
7984.079036793734
34685.068524083305
555.7849381432236
24789.802439405063
8036.050020829084
28212.140162722688
15139.874930889946
30721.323211923383
26424.850515383718
2902.820196263465
6313.694635881053
41842.8136158608
2042.0200875681248
35529.1173521638
23795.144326944464
3703.857771169725
39103.74043368856
41542.76636672072
17589.1479548372
3236.0816658950785
9774.387607029419
24015.645247093475
11276.64747600975
23873.684511380176
30488.28994171809
3530.348455627312
33116.71421371275
9994.361589083303
13979.311134488302
14125.41809029198
42831.168839959646
19491.384074042722
68.4895206017743
37634.5977978574
8206.73976812635
43041.24811753203
29475.820006744703
2259.052720850093
29610.71844121703
23574.825786945876
14987.988759970212
30552.430112966944
9040.74589564938
19121.546561073297
21399.377310269738
2263.114432991421
26165.524839574882
16889.845069310915
2234.44655057551
1591.1711266745172
11543.75017399118
7428.805422197389
32564.960192174614
37366.46561163243
19343.185309389894
14895.928037662894
35659.16145297318
11545.48496697844
38886.61849135542
32346.188411069827
3423.620784746269
3577.1325443497194
16154.36453965202
27800.51493294963
25193.11361673541
27286.304377683264
36906.597333424535
11846.37380178104
34362.05375359806
41943.665182501165
43388.340102681395
38503.61771027046
36955.37604566478
12142.810383843223
1855.3478398771515
38867.62527940593
38614.16017479596
22154.669033207705
17787.233330790208
26677.507037498657
7173.417968275614
43372.95064505803
753.1360644434867
36667.768733572084
41044.904316623164
3105.281250309798
34476.30586496893
41327.10225934967
14984.512421143781
28210.42843068185
25213.634292815837
5683.656389117975
27911.410666392545
6179.240730683604
32776.15119436899
27481.185495223664
11221.58897866425
15377.896482588281
26227.38183621166
5941.07396448992
27670.48803711581
18587.433995886353
23148.95469203098
24333.60625418912
43321.66235087051
22915.057248000085
1437.431558280737
34711.63334085088
16363.700542006929
15766.080982571537
24893.025878761495
9864.407555284237
29025.1747385991
20219.116514520952
30832.83598398215
5361.525880497217
41579.16946777577
39772.369409712395
5895.338652344951
8012.824891400208
35827.48546964426
40422.39240991183
8571.294687406235
33113.79479982826
36759.48135424485
33617.50710422683
16259.203327124802
41961.0662465862
37648.66816497111
6524.509697501077
789.9374244381787
27347.545351506018
11134.158916679267
32748.57939214975
25795.874323257478
32666.54581078779
22565.612725954434
35375.982567319144
24503.881220395106
8868.655784110171
38737.18361091545
35799.89658376453
3204.2519075254204
31052.834885631542
5018.961048098659
18948.307456950086
15334.193945670404
2861.853591001646
44100.0
27107.38853900792
13221.237312117326
43304.47987889896
24079.244290508377
16496.35517412332
29843.892404690974
39705.268884329846
44100.0
11561.544681723955
13308.16158778625
9952.832823699911
24292.93067928135
13905.399233862168
34021.642514139014
26380.724227260664
18624.397696884567
1207.7953082967913
15306.696225218493
9583.392133062207
40566.644613169614
30319.0910537507
30011.6944039211
33380.37173929453
731.689649679254
24137.073167417853
42295.593182752236
21946.15273095251
24787.6373303628
8376.759905014604
36925.642398075885
43905.57078652992
16563.07564062521
34069.7291809675
32661.882858497804
16474.423000110903
4178.457909055322
7316.900168493663
4846.704525954773
12549.763493426164
43197.117073172376
17998.95661004328
14067.825861325002
35788.97720880811
34902.90698995857
37902.5673931899
10419.34942805415
41084.97962767168
7746.97094380808
31325.528745178173
37708.48921761867
12016.510702710097
14690.936260942746
13914.57609614836
15809.699692967988
991.2999432549711
22446.81498245351
30752.873520478606
40098.338515144525
6631.689124041395
17167.488148550536
816.2129977049648
20714.905793030197
18733.87022065385
7752.776543965763
9540.701671149347
20459.08927258105
16579.296905936375
16793.01759724243
11320.026949596691
8097.474834103532
16928.87294208897
2284.4605533693507
37533.559389490816
12489.496136159632
26295.84828445549
25776.938267005797
36153.71036811221
41690.7178477591
24220.195515868407
18817.582151965064
17035.241736809276
19674.541844043964
32638.618665710972
29521.138894858144
10251.99182707361
40654.0001077374
24483.758159375924
15373.474942337387
5945.861430602325
14297.970496507653
17704.236451132856
25622.895012757832
20539.673900357946
23907.195516910248
12358.88055263829
40458.86119557291
29048.839077455938
38477.699796843095
4182.390995865809
28378.796179523957
44081.37754482438
9380.602960988477
14578.186331448991
12168.751243493107
24951.327121571234
14080.274588215148
27286.571685160317
17935.777878842193
8098.724460812822
25302.444317856265
222.20512190188356
41516.6821808366
25108.10489438139
14384.450846962038
8458.423507670652
24997.58399494991
4801.895243923819
17525.027285079843
32888.29280223591
40007.54322244151
39793.79821621808
13822.33442710226
40956.013611213006
38994.15720459458
16858.62808409109
4567.365099507456
28553.364412829076
1678.3998766968432
43690.47857537842
1030.690337811425
38309.9004515559
6995.909746233997
28249.822089753015
7149.709373712063
9217.930593058825
39487.72591698723
1877.7767000054448
11127.823702768135
41429.50155727962
27705.737301608988
18170.254861410016
30831.711824933653
25749.975818215735
16580.147174476362
4605.074094629829
35856.48872728851
23017.72728401224
32619.345400993396
2970.513823444912
10251.07129762038
34260.642828035976
40194.253743262554
32534.03509209734
19290.482681544396
39474.83514237917
22913.196435730137
2844.3212330950023
30192.39814242034
6438.27930326091
31265.314997494865
2437.523387481194
32190.1495947466
10616.149223537726
34834.64079398043
15675.713202826699
11735.427713707888
14405.316258996736
11565.237834076926
16860.253981536236
35359.52189747747
31976.67416063212
15271.63350870942
42332.16627302684
3712.368900979137
1309.2758078480358
12600.38731300795
23338.57379366658
17720.970117863817
12279.206704388562
41213.43576346582
2018.7287580756015
5984.457506279245
15844.33587631197
16476.07570512306
30358.318322054292
22329.960169334223
34173.022442028196
8079.209159808039
41347.86582470023
29284.077706648837
38806.951784685705
22201.036807154913
36948.51222269158
35264.37152286288
12209.345223998333
35594.1275741645
12277.180288843934
3807.4209111536693
26219.63620815978
32171.445098969358
35700.8805486109
28148.050192457606
26849.6190111157
8027.553104920958
22617.44786839549
12107.549819934358
18494.218781212607
10938.160652409992
22047.54738916851
35294.896380089776
9647.229248850377
31762.900250739847
43214.349272474195
7860.650117250593
27601.661820149646
23751.895234079773
11475.69232160548
24145.312830754527
3263.3909571125005
40554.45659029106
19359.768587898165
20457.491802966415
25169.302308895658
25584.11643645284
17799.580003359788
8139.408367912841
12835.09512070795
31133.390480167534
34178.607516902135
20523.174349310233
12212.267530041154
28406.590147787494
11132.151603241302
17116.57317409387
15595.352136638907
42075.62541712602
842.4648234446884
37528.989387819776
5104.817130400666
43977.243266618134
31523.792691201485
43172.31413488458
27447.268735460726
3338.170516378986
23124.312250501018
12792.650825371948
452.35635875319764
30431.564658264633
26333.664607047056
34235.338211939445
6806.630585469475
10074.968004255043
13975.92594393296
32103.72003290754
24099.11253724888
17315.343070938132
5428.230943213587
38309.34571475888
30298.64279792564
1939.6228769007441
22742.91829958675
11949.43405789351
2565.2028129865757
43493.90844314142
37878.127262212794
12236.490251185729
38929.83715052678
4095.2420466523204
35080.85592839592
2430.9459568400403
6089.772247335014
33993.38662177698
4862.052951274232
41646.57058466575
3312.5590416840146
31830.41940910058
30988.53149873622
25434.19310842666
42157.843526111
3620.533324716468
41903.17016585857
28099.160434378737
42309.91731940144
8615.196454072922
25408.75073176785
1099.438228143456
20757.280732538136
17876.929617265963
37212.64816536395
28484.06177195368
11584.972775645423
13247.125789225322
18497.153026755506
19205.7318559181
42250.049439846356
30469.24392427736
8184.824288872653
31051.87538940661
5725.73462985008
26487.206848721657
1939.7134421555338
35291.66889638272
15734.318900109429
42502.074830940204
7329.527795931139
32754.124948959154
22112.280977663533
30466.622715239093
10461.839398369244
44100.0
22138.967035039223
35744.27302106693
36349.84484819404
15242.470715974314
40291.42482364969
29477.097620545563
25899.997401065582
29936.777985215675
15353.043937516393
33804.11916475841
9543.889295213106
6392.797774759066
22916.697652144274
1865.040962278145
15976.0005101462
29890.852174503958
449.6169734180679
38548.7433305115
17938.808223743803
1529.1163337398839
31271.834910084915
10507.451490250018
3982.676195805532
9408.731100661793
37882.030719719165
33847.87802445515
38088.11796367664
1339.799993797892
13482.747834457683
4392.12356100746
3835.276728149621
41021.12186800093
2799.431603043275
32621.739988260466
37984.36296617748
732.9110223481968
30811.892143086327
29416.586749973452
1806.4258888860825
3400.0347423494873
11282.000278025771
10146.365925517643
9865.21764981643
31991.892231817434
20786.599772510795
43125.48550197877
24187.185235316516
17243.817632616407
8072.225231085596
22675.426488054032
42463.37797500396
17036.713013364275
3875.9651584953253
25495.305670015
39300.60386292123
30512.648338225197
10893.626171417342
36626.94886444482
32151.89555115199
6023.401597402892
7297.991196881609
31198.310757653268
30152.877105935917
11257.525889513634
19464.21553299149
15379.248430324014
19340.464490649
34237.1563292377
24911.985522829567
36021.946101060006
39598.692121825836
33182.79808310345
13029.26618926852
41168.885828787235
11369.642682388121
28274.467522334995
29890.04802488321
30879.05257781204
4652.356350513173
4605.984599792671
35913.17992903218
31353.496735437147
43800.3576010397
12124.11202420084
24718.784461898726
11174.924719598523
29976.633462638725
38893.969403492396
1124.446591375227
25562.175301112537
7541.99621770445
9114.096339430464
14514.54616802081
23105.286529322355
28722.708996792793
621.9699758369858
34222.83541756332
33693.90334226684
19725.336454158743
5211.745051422959
35017.38779656542
40289.70484409424
42697.568450660925
10956.588893566915
40656.00250488914
19720.633970045263
8056.180087979859
20152.86850959799
34967.82288622414
12378.697155001239
26720.39438190627
19597.533177889138
33765.323723037785
41559.88948247073
11887.453215952728
33095.82901820993
28058.3631492097
4435.5064407342925
645.1915834139661
20715.674509185406
33894.338655797765
16348.567619716136
905.9790610184265
43414.47722418478
28557.172649154716
37341.82183342639
9579.004865707057
799.5352707909994
30146.41564571666
27775.700968117562
30085.30831017625
11022.769547696844
36478.99395150931
9384.240024528532
360.80642160918035
6721.928537932576
27522.141180939096
32903.72307290955
1252.4406348047928
28336.454394933342
4442.435150502293
18109.407440519695
33897.18554357671
643.2101109684013
37575.66266723782
37097.53657730872
29371.061902037793
23235.900515292826
18523.67608244358
27370.083283706852
1423.1730618314614
3967.918879286957
1828.316470311337
9475.573272143864
9538.464931123222
9214.588154082698
3706.9596920046206
20865.03621971448
39496.7783500833
9801.129715784531
29110.610471005755
19985.084504322305
4698.496973483443
20134.03543291732
818.0029973423723
19201.82548343831
4563.91193073469
28896.92587201423
44032.73146562015
33287.76646064231
6290.305193373072
14345.774736184003
29887.643383631934
18607.033031592156
22396.542396624372
5704.550514040826
41176.44919410299
41433.968255580374
10921.945244590865
14448.795447629836
15592.286141404127
23041.891012107208
36094.171662294415
6931.703762942901
34622.2075825351
12617.97919317587
43602.59425699568
25000.9824423607
2880.7031862032777
4496.365740149727
23731.24458381869
10890.48149703853
7968.95268090919
5772.743958331149
30683.252404396306
35122.14398462875
37204.32131706005
8570.367536974787
1464.8362194532983
14582.688055576378
21964.64190537303
37878.97570477474
24526.310417782108
16948.34804436443
32383.52433931603
15416.990957898597
32836.59749341548
42659.55503900023
42741.79349651078
25125.450821910905
13133.336669655095
41088.50948072174
35275.3461106574
17549.907235345298
29225.86693687378
37658.67183977617
43794.97415048812
38954.3863558889
42443.8304591017
18173.025390765888
37574.54262522339
42834.40077654264
4823.6315988625665
26014.913427688527
2305.545565709122
40611.33820900768
12137.411700039107
5494.853418140091
26741.2299794353
35030.54503146007
29282.98852818304
32750.12867058221
4329.59176682487
3212.72853100206
33611.40086920285
6676.915366700446
37180.8484339462
18046.531038945814
19661.208007586323
2172.5240112549222
7037.144928345088
32940.628428970194
8439.269544984587
4582.595048548405
949.5651728065985
15507.383150751257
24912.242575746437
21701.12673507529
3546.561079363711
42478.74696891468
38563.920815812264
24468.693029395872
28660.895564378257
6763.446055919698
10509.463184603641
28961.91406621401
23279.13713739518
8203.673116008506
38440.052742458836
11027.871322144607
34948.42893833326
40525.973489740296
17963.09033557908
42316.267856794344
19661.83874048976
14992.327940972316
25924.255171236593
4263.222320632679
39946.786108103486
35961.08332858817
25468.252714024995
585.0081323780496
33159.56125328426
26055.57537739773
18589.313664725458
1360.169835806407
16670.944168722304
32424.68975764568
36025.89639127234
10188.668107874213
4045.544496467524
28704.23017021222
18043.39844012979
9903.081586186107
23593.28155757605
15658.1920783656
41147.46112620336
27650.480922877352
21403.105945726184
4454.157719755096
36219.0543172593
24613.73213850916
19375.433725297615
20970.165705461208
26698.516012315216
17166.07157959704
23882.918050361248
33531.61854212604
39558.75730823323
42806.92179655993
14556.499298480629
26595.87109506287
42140.25409316337
21815.919192464557
26550.29602258206
40863.82526748332
8530.352731978752
5173.703236194661
12209.644467464024
11965.447654712574
21836.095623832607
36005.76078903755
13952.447541715961
15155.339529547053
5062.175185124611
16320.161643570083
9477.91811142594
9992.16601182783
18924.69083530153
42317.0637566086
41018.76996971551
15141.993398694292
38221.41408392302
6875.356564938582
23020.15413979242
43166.802000674805
42228.24297902125
23708.477043644867
18347.940860654686
18414.15113796886
11345.751382063234
33002.70910769304
41058.84884689203
38092.280262627006
30772.098983369222
12825.775740649005
22604.31094560747
24029.6931407039
32104.07463125707
30206.329923705864
21769.510400561183
31008.460421456446
33674.877714614195
28038.430665480024
39123.12580824929
42188.5438480422
28976.648502570886
41596.85698635234
8934.241150281729
11203.733534871522
20566.360190223746
16586.125690939676
41281.32765372415
31393.030481494377
7125.8650555758
41428.81940316296
1419.2127767871668
20885.98175087184
29221.278880758226
17214.04303557394
3036.858452325147
11601.942150007239
25367.422984485267
19682.352211515517
21700.194498392542
21722.785958469074
9483.049208173863
43067.70722277757
1528.1100442740674
29562.66969242828
7322.348752523606
1784.6521115328728
12726.726725696708
13238.300140741101
5399.398331689408
16341.348250798857
31482.589365194224
22982.512094403548
34000.27221106645
36089.624039995724
30226.84608886212
20267.908236445986
12643.46193564247
26404.664885976643
38672.184010198565
38437.648066891874
599.4790399885057
5470.798997448043
13715.11364407508
31933.88205018839
33268.52240636561
33353.39440487959
8548.739018871962
41708.49278735945
31635.93884383784
6803.367228357585
25129.721493154884
31110.589627547553
38310.06156211103
40891.308711756865
30010.639140660976
25297.63092850625
10505.218300378716
12189.75048405594
18920.59470437154
4436.29055799631
28940.04998683629
4608.30407605157
39770.49196326502
27129.106782169056
44100.0
27405.011371824738
8526.461400526603
22410.222247764283
17483.071127677224
7021.581240861757
23065.553593923545
34044.59931473873
31764.257185644317
19699.49960119258
16211.307689646996
44015.66482455909
39005.51175881037
22461.533701226817
26013.78025731338
29240.224030489615
15487.782424000376
5883.085407297141
21491.91826224231
34343.03687370437
29196.81673108518
10419.821765800876
33525.88127132729
39467.51492785081
20498.518548579654
31799.634903191967
41797.93333773319
32861.04984459949
34477.89873756477
39885.76762773298
38007.68511991151
43801.806436649895
4799.883803369367
30834.621240054737
35785.5693852115
26272.630311511384
4115.608560153062
12682.847744094088
7856.972284478637
35533.791208510665
6634.541783568566
42679.999127592026
36686.42725945288
39904.1693755799
40689.3899454367
14901.902537523634
40185.15349019286
11309.26309352911
8314.34506634582
21707.592358104306
42027.9106907273
17789.607570665565
6348.846739625363
26613.941805440758
23234.02951770873
34945.315709821014
43177.05832242538
38367.98299011588
18351.76131234385
10955.694414639287
4906.670300234274
8936.98227248864
38043.30700450832
25921.962511734342
5318.081125664761
18135.04665303517
33719.71411059216
31738.21879840055
18970.279701421085
31350.70521673932
6652.895572064935
18070.972114475964
12618.851136149231
30361.10354686191
18109.27171359741
450.6150208202324
13307.45293514989
20413.85742841441
4869.558111705806
35323.44086948375
25665.629284816823
43325.01689607973
39122.7361302447
22981.45505315001
731.3453933900433
2738.078130519145
4307.8495799176035
20883.250865630638
7102.494813557362
30473.147053188382
11113.185745375189
10716.365770883316
14078.733217117511
6734.543101737085
37146.9685695159
24391.800250241093
34106.21773592847
36563.407524496346
25037.548155967346
25993.87570551221
11363.666275959582
16476.766666637806
41060.877607840885
35509.70389026037
35535.52998768517
4669.018933562872
38955.26267440583
23605.938853831994
26740.409402311598
38001.37241088458
1916.4546927291703
22483.59295792343
17249.815968418596
5639.1393283900525
44100.0
36391.66358829698
7995.33303309101
16292.27130701936
24810.115090993964
28679.801265945796
30233.170138234666
2909.464727142202
39662.184805062694
4350.7856983430975
17785.31418333188
38717.93831125151
7173.634802734732
1895.2603541293963
7929.265669210354
3571.4379573336932
34459.5359983726
2750.965402324887
7130.04906873129
36727.57841279795
31779.42000420782
9657.066243844974
13108.677587716777
11837.699998148631
3142.330438998156
28444.93692246756
33760.37150849327
24285.09042064533
31415.917998323224
33720.97845596129
21339.772142367146
33868.250109924564
201.3311180527245
42310.11671193169
2410.762759974836
6117.660368657014
37771.87913913336
37100.80831778491
42850.70905283918
35780.04954484255
43239.429751950556
12060.29496574662
22614.8417231162
22888.617113701377
10524.46535180062
27584.177652029073
23356.534821154044
33199.75270123296
19738.585675538772
3901.597325474199
12378.506760889226
1164.7807764169195
7772.338448746595
1014.2604651222675
1915.5568691851024
29822.537901110736
6847.894706268506
10557.561990423763
40550.85551121612
43242.82903455051
18026.717400527064
3725.6014312372654
27996.802603588258
38266.72209490757
19853.003397620712
10400.750538300123
42447.13992565974
15144.414037974579
37166.43758950963
44100.0
26911.133068838048
28747.514524265942
4006.7815819575876
40337.1176672218
5940.545024283623
39707.190498894604
11819.04561476503
41648.500322836335
30296.88364136389
6889.594096840377
22779.089577632705
21576.782445078323
9711.75176038151
66.85082761345656
5677.81016832344
42978.651885423205
20968.8800863867
2709.163623212724
35876.43498805042
14987.645066608235
9562.676855507258
22047.950309430013
28504.87278465489
8232.239574534118
5140.413569667376
22864.69327160144
38217.80219823683
8503.087936631187
27028.63113104569
37100.66170229012
30119.782108819578
40855.805790393446
10915.430280671306
15374.511265605912
2281.4772340089853
11825.106445692187
607.1252560985112
38242.451384949694
8852.757904258116
18238.67167422848
2670.39351039351
32941.36858859148
43886.75865630267
17309.034573896963
29755.0438656641
38626.97447986629
29694.90967199363
35205.552230531874
17572.198821847986
23663.032147842077
28306.13704587012
10830.541677811387
20539.09520686301
17249.944205938664
3035.1485436924536
33241.60657454453
27457.047433272186
42416.720679093305
39517.9623597235
42694.97820519257
24439.089188277296
33207.37165378408
5252.919304198602
27503.217248449844
12054.822148033189
9843.025151723745
18007.436472064866
13882.593215134792
8160.953103750353
5554.576242340798
31198.499279510823
2795.9032832146613
19850.8089300625
37773.549941699835
26097.750700350294
112.6932160518385
7562.867835651803
41626.39068400846
42591.27434532115
36654.83813049001
32684.48776411272
8724.839959604551
32624.9461535723
15654.894350708328
30723.666961782208
10512.887620853478
35146.80856884658
11159.451201642623
2090.888748890401
6766.786827620089
26246.773637642225
29388.59856844146
18233.83319256588
38646.99109770384
12793.108690668749
16521.074958274843
39425.87910862258
37315.358742052274
20411.499271550398
33876.18043617615
26314.27421544651
25642.657697116083
12229.590251109541
41130.07653098202
29002.804274132104
39403.93185469691
12033.05295535877
1706.3361054387296
42682.58212278667
2171.6421322439537
37790.44680630975
21367.42432740336
39991.8886356114
5428.31704068861
40262.699044745226
29182.166390285234
12784.279131125795
11410.593058472052
1702.4446082743148
33892.87615393714
29739.95309394677
12529.261968540693
30892.86115801097
24032.90863282121
5664.738904967495
2580.6273591970385
20929.815874145974
26444.51259279698
10312.009751948352
8521.244120892277
36991.26656236326
6249.949137654113
41994.00093029465
36757.126256132775
23810.715889956424
14341.795297207196
41534.57859771503
23754.038537330303
20841.15554463027
19750.1416234607
30196.198376244363
16771.015273232
15529.018842636837
43156.68764925103
5603.510383325804
1464.596155910984
31980.08225771566
12228.17730734803
15593.618710779383
33671.88168684045
26678.87586405436
12679.278448536257
35286.304297559414
5485.759440193399
30541.160939362024
33986.23176986993
8035.337414325625
3169.967546853139
34738.0761402254
22717.4449279573
14623.302475768223
22282.720093134212
14064.28760626922
31588.063713100364
860.4856046480221
6076.973235574211
20672.38691069288
33913.65378544887
19484.433431498343
25555.91468105396
38763.317703828136
12057.574063799557
31267.928255489325
4765.509091026984
11115.114878726094
24248.308730471483
33871.157311286246
19550.355334379758
11263.748688824351
30325.476689571966
35271.46994228833
39042.51900248637
19700.151913255908
21878.92071866525
6807.536932396225
39146.001011315355
13525.715592631173
15177.597216555407
4119.026381129209
15309.734824761488
26013.83019343942
25818.00887043778
21488.13253459721
21252.825642364984
17985.251698965658
29112.657430386844
35960.71845184255
29156.160509069334
14618.948185365569
34429.16775233249
34897.34384520425
38308.0437358588
12877.895460262778
25912.251393630748
32324.27464935426
20412.324851787427
16449.556848868968
40932.41496796763
5656.459551548054
6350.587432592153
22841.997545918697
20136.86662852323
33505.00969137974
39886.548818459756
37960.775180768236
41964.129991054055
40419.030135203626
26464.193511771427
30879.337474044383
37444.8817902444
23964.526194575195
37573.45042395862
20025.186838087895
322.63171152318637
7900.374718894002
21042.959224350547
12442.304135248894
30276.927558514555
28319.609084940228
22309.183418474833
41920.74699322613
30217.757724635485
22412.75979154686
7037.681027200314
9322.557821825658
43756.33962866233
41993.4481627849
37579.912107147255
24999.77344533536
14279.487530702721
21002.425259715175
34408.21032290152
15547.32116592247
8524.823837976704
15222.134895763458
29135.658799127486
13266.954654219791
4476.514463897156
9779.025435646616
23707.438200978453
44016.04344347807
17244.916757265215
31439.74578002412
27844.104629091486
30130.98131327237
7124.757149155073
1274.7912891439273
8116.460820459484
13266.076655329576
15330.250765547664
10074.741641128356
20864.852572656895
15005.800936872862
19291.528300293874
5448.316401273768
2950.582225821179
21120.532467865472
43777.30110235865
18407.725788429314
19654.187275953504
7193.966304301495
35230.477569075665
6653.203713137341
34640.34206972317
43475.97657874515
40915.44796642766
10356.994224891201
35120.71521062738
36754.451637778795
24013.507778455674
8549.504670649107
9733.659443027853
22259.10808690044
35527.73510575337
4199.169104463793
44100.0
4570.250222612725
34585.51593017412
18543.384677714464
27997.62947313728
13323.891836799581
31977.368161299666
42.050503928630256
30528.02725748436
3165.7297155554274
13937.304931407774
29735.9847834214
11734.346431308022
33012.58933355298
33506.02584748605
26935.083338515982
7929.250639805445
43245.569320318304
13889.59954758178
27537.694810465753
39959.95246959919
753.5505373883844
16382.562499417612
25410.472667756145
33659.18575245802
13937.691361240035
29816.855726483634
43761.52610198691
10549.187285769434
15783.26464862642
8806.767862910721
31259.53128444253
14616.717465053061
20644.405762039838
17227.240838465917
42765.52915131716
31424.378555353174
3715.582204881299
16909.56335075085
10226.397792684678
21099.602503173784
28665.81853674779
1721.9722587148513
34071.21385416658
9950.062374141266
6245.634915088576
17930.862076704092
37164.90383206513
11991.145345755398
30774.002678470362
5389.399975728469
23142.687880729554
42095.45103039211
32388.916132838982
38934.620898927315
26745.752809296435
39645.5762115011
12166.806354974009
133.07936703293203
24656.829334516424
24030.26781340136
41454.641995306425
709.6407287796385
21232.944590174433
27581.97286477549
23274.89094594478
14726.430049411185
12772.252576009994
32556.345005011113
14988.763453702486
37578.34114457076
25904.625900572108
21424.235110776517
5746.899457282891
37728.900400955645
17917.42183159452
8180.938674518781
15934.925684601722
26185.689168250785
7517.28329813402
30618.79491957808
3185.94832135606
9863.839370567774
43021.809559958245
35097.572436965915
13432.596590153007
25516.963286209244
41230.59328576348
13609.784683678956
27136.856059420348
37401.44449976658
32167.263804322367
40072.33771864049
26891.792519945586
25690.30318499604
4756.778446551757
30981.705261510822
18622.614560156388
32514.31647130404
21274.360109644174
29439.394994171584
30812.71275669974
33270.542418892815
1607.445867822476
30450.756567105775
8288.032390216427
6524.12754078451
34112.03358561466
22590.261341657457
42952.10980774399
9906.133900004323
41448.995271561536
8440.610187308826
30819.759501942335
24826.85642838645
16291.554830388333
2669.350315964872
22848.382685821027
17935.81535968537
5211.848605496513
11758.004954977572
41558.5234180612
28119.282076030657
1721.2696612340565
2262.291344738723
29140.792367916827
34862.20018856651
11707.97101831722
10332.304316578693
10206.332309630376
5337.7264362859705
15156.060745283761
24274.434451248322
18579.941505299983
33940.30771240942
4846.606455324454
34777.41138896739
15031.779460705206
8358.200565494295
37466.88103860167
15140.24995776129
41707.07025140211
15804.576356503741
34283.45950957303
5750.642606702095
3574.694058796896
9172.221725802669
41285.26364172836
31571.359727798448
29029.22269492944
34456.24646027279
35441.94553861275
26659.555948384866
4136.635265310866
11280.773230068153
24166.230382179798
29008.641324165983
24484.450637203863
32294.146920675365
40237.24705475629
38891.29334472583
22976.475649537344
16645.074665232063
11609.837962169055
22500.065421482675
31574.825085775483
21572.165771783835
2236.6732448295243
35074.80762744525
38475.515417389
27456.975662094752
30966.205365054055
19318.588006027778
41560.03537607479
40376.1666999134
26098.30881352519
6155.287194780394
42781.82985236425
40848.849571146035
35350.24055803503
30493.868851114636
2733.241459269021
16535.336886048448
21297.16957859654
28964.402629846492
12505.066388946456
15479.725137334917
11195.846002708198
13262.157776737109
30727.972959499366
21123.59948886752
9647.862911442664
22090.43156942084
15759.616650987009
43974.64402404787
4848.0492136147805
20843.127964507923
2490.372407838842
23144.61337911451
5076.579638545718
9882.893741412625
42167.83856632847
8784.034492351966
42006.084534329406
11367.073169164665
35638.991910626035
40936.53763712566
23043.96894678388
23986.394270077835
33155.71453315009
42914.562968352206
19080.234959900652
28699.87930634808
13243.279552324551
19898.40453948797
30060.028073154084
41318.169996902936
4634.550682019449
18727.484233552354
14194.011215954912
22174.08305167337
10833.10371058474
1006.6862835963252
2238.8686592153763
42462.763894578966
16216.20470938484
2023.9519080033167
10873.80577879641
1277.8787813408921
4498.604738359579
27627.243241095828
27907.191430905605
26481.736420361878
33208.341349147566
42611.308262575636
34696.72891436939
31072.83660370121
32669.954251704465
41064.51303032029
22460.390381256886
24611.772832141905
43560.46518368046
15438.361167050989
31977.070458216553
6421.036849187035
31421.935336717394
28890.896134111532
30171.505285400835
43257.074217884314
27105.790119585796
13891.451391899958
40632.60275215794
27605.176108731568
12055.103743615067
36038.178432941604
172.7273939021947
37986.839222568204
31288.149455476403
23038.564507228635
19246.913036811125
21512.240964021035
39621.06270980843
22246.441256091202
3900.6834794386878
7992.082769874831
23960.74141070146
23431.947010639233
20888.592049533072
16818.11275727558
19058.97340077727
17762.861789714494
39536.863539258564
43798.272501768486
4524.587018523324
1440.7678694782373
39775.13510744318
11968.834840679814
533.3973466720256
15766.12509931988
41025.35596602891
27453.49742375572
39303.22777172871
19405.59156837174
16490.014475843393
25708.834669338084
43881.063462868246
10835.223885051026
14582.390115107986
41056.72464026258
18947.271444152044
28423.619004821805
21313.985404828156
33443.9556531134
34197.37559925797
16885.157284322235
41451.62202042688
31330.21040934144
19116.753705864285
20613.474138550555
34867.59991786426
24229.84752357417
11522.898827995208
30444.97608538895
13216.49953886813
4928.387609251094
41890.15875487058
9580.31605228629
21376.976335463776
39340.29589449946
23298.467208675167
32757.111959623893
38590.565554903806
11992.901459068613
42432.77908785471
21703.471871300182
3945.816081130642
10891.62264165434
28806.980179383998
22029.18561605979
41170.212709361374
106.50869480311202
12060.39201398227
12184.548899544352
21576.694302368087
18050.138877554065
17849.030583709417
15935.364302695
9156.084254683703
43499.29586300261
22953.733590080683
42158.491119741106
16431.27893734953
22097.249815475843
41411.38739677398
32556.702610761964
15311.924024619688
21465.089269422308
27520.014343105213
42681.8364125391
216.6735621096248
29457.409354530188
834.9617628363984
23364.94755205877
23086.25244155364
17918.991378634433
704.305133411693
37835.792274572865
35743.866820558134
30966.30374579981
2301.8334659656716
37492.74411521187
43882.69530505728
33186.96658828843
37318.13908603691
9452.604919782132
20625.406840625954
17764.789573538277
31891.121158952847
9815.880545651618
30124.987155106857
41255.54141156552
42546.43690625659
34543.37179441458
35.75810235962234
24786.51443289148
40120.68361032614
41618.455883655944
38936.544670744464
32363.86799841956
6874.042829180146
18791.964580704218
30944.670938826104
28700.88827154091
13757.72035122418
38612.66151629279
8137.1948415917905
22219.451178420888
34024.5062996661
5772.000724439235
33612.51512714022
17464.46581470181
32595.835261082477
15788.771935964842
25947.988128572728
12980.5929573695
19357.53293274606
32606.92120430809
36561.56150975706
13218.89397442131
33932.3791629539
36733.63264313461
32062.020939083137
511.5884198670685
41234.06909127479
29266.25215909072
3851.4612775325027
12761.906423139277
9888.715287281026
6897.475240557284
43050.299248296076
4891.117600484652
4649.811465969627
23445.92892844123
32144.892268449144
20954.837637872944
10035.296506790899
15137.249890930463
5558.808325130623
11842.751540788033
23985.576794529374
14041.626381804726
13686.863135142883
34167.44918307222
41536.36418638278
33424.28774595577
41013.82093372011
10846.107000551288
17616.148472052053
22307.60471307226
5668.924267454452
17098.971428245142
20908.342869901655
40764.70859603104
40352.55300921892
10119.336177665427
12167.532725015908
27455.771635024776
19965.95036433766
13521.344137385422
35619.434554815925
32886.77086918363
3313.447448549222
15241.030143676371
40368.97289432581
31268.60370091248
6565.333592297074
35787.63799848562
36563.403429546095
41880.42051121631
11303.960884695154
10187.442232630247
30173.10475615085
30236.014583949465
22503.40288112571
29030.932612038192
41297.07369525315
20303.134635444072
7772.5002572279445
34197.87233908471
24978.88194553607
22799.748996002287
24954.647543000556
34435.512594670996
9039.361565979287
427.2632858998807
4906.937750613152
42036.05733272197
930.1752293387219
13587.486360261373
41775.95822679727
13779.060482224628
26231.75765433309
24273.714433439232
4009.544116277627
28895.96038140963
35144.63879999911
24091.12283064317
23193.55282313295
32618.06406487919
2047.8913022310928
15261.700700616762
7491.403822420192
3892.4502212270554
41747.50335427635
11436.643336438769
6808.43736522576
34815.10148740905
17231.568865863956
41857.67169314717
29501.08251378195
19164.89639741427
40182.586009870174
2343.015229971379
24417.558883445286
38390.35215915923
9966.480236807001
36716.55723995894
29332.778665210182
18666.456162877694
6096.328621006911
2903.464411999741
27497.116514529873
10163.646633980388
35313.235763462246
33510.89625135312
33974.61635892621
37570.67619769865
29935.268857664752
10983.504399050657
6806.655457301382
30747.98502699681
28532.127217271067
31292.286079087724
33789.52013663229
19941.210390717024
1826.9995877374042
16662.7273371289
39492.230500464924
22522.84938086312
43371.237819973794
23059.23129061308
17808.285532429567
7249.017917347809
13205.300089994931
42339.122337679444
13047.0036163679
16451.164153251888
8437.35821543378
32346.198265248702
9254.676188271013
3160.920115860652
25501.96278849365
30325.56165240226
12683.623333195605
281.03189778283735
8978.850081377093
21100.63034333798
651.3859797953934
22602.913358489357
35415.90283030576
7733.613180934494
16881.535655389525
14559.213923686486
11004.799016991912
36435.38049194387
37744.00769734632
30875.683258774123
5080.2220761187045
1365.289507159749
44100.0
37785.54223306017
24010.486726375686
34064.635554153654
17933.233132623114
41987.63091200343
8935.970324935734
19833.2825177267
34600.4963497482
1977.372067712998
2320.4073401147543
43060.06966500846
24933.140356934615
29021.86330728055
36994.43282426867
26774.688174701423
9783.170232443746
3140.2336149848325
28451.333461807964
13690.579703026451
21149.046307592125
16752.415135300766
29173.00471861708
25215.127562229365
39859.31854484552
15788.78549586791
33591.32261062644
964.6010441118993
42743.20763615881
16862.642902604388
2279.8259475152663
814.8600465322656
6075.076228499564
39775.92513442605
18561.259815946454
8910.55026797875
16599.190437864043
31237.916218072958
42810.319808402375
13484.646374498121
14791.419005786032
20153.926943479953
43650.10941320201
15222.140025458679
22936.447505022636
37232.069813170776
36800.04243031525
17977.95516985748
23605.365599232187
12810.032867658645
20952.61718082601
732.5479612031373
37770.13307001103
39971.87361373836
17586.653200173947
35468.05252068753
43494.79272379311
30296.88745410793
40370.208392496315
31460.596171051704
17207.148088967744
23214.411223481282
3183.967557801675
20755.808082294425
31136.41440194802
33351.66051291951
38093.46854593105
35808.015614320306
6978.313257066552
923.8426652128669
23515.808917265793
25512.71743359142
11154.460737232188
30796.69349691482
2022.4099409883129
9582.04102552516
14558.687582900277
22195.743739497
25902.68344300778
42247.8964537654
44042.63613983089
3938.0715861260123
35118.30885300991
24005.095281701793
2879.485150369716
9513.217338224918
32903.25058431492
32876.61358678366
30059.861855452622
39514.59813837724
22930.03522617211
12747.1061651866
42661.090706636256
18517.65770791229
41796.836712793076
4631.15227318444
2278.432922840656
23276.6945450882
16044.978514156463
39123.63429974614
13113.468374071344
26641.664384868527
28507.73133995707
11152.246836940589
2667.0432679077994
33830.07938823717
16211.12133273615
32359.866373337234
5859.307390601471
29173.480164239932
34930.425709540585
32817.682572935846
3724.0245618914696
842.3136462977302
2474.800488298502
19056.932718369597
9920.976840005162
16490.612442895526
1716.2952942868685
16600.16843758168
8312.466440555836
14561.117497574704
32276.523445298426
22731.99164723339
32338.087185488683
11196.874988692009
20479.25041210845
12334.087208840549
8934.781229542054
18345.100704119297
41144.75962779171
14508.454989271295
31291.73359016289
25433.18387665439
6029.535853471855
28513.56316729423
39254.21225842978
40458.69011218158
21829.832373284884
13805.661537680657
19314.72966384873
35317.617867320456
11004.418725704205
20934.127000791646
2903.2277805729345
12128.841434600847
14321.532881038182
7905.7084539690395
42400.50912670941
43604.501203471955
1123.351957469382
39405.758839601745
34996.54901018135
16667.18406251798
21033.33479957023
43089.68027045097
37573.48538030446
10484.419477128406
12249.82295766788
16609.72202340984
19487.612573068734
257.48347472661203
3878.6718761427405
3986.503788179327
26955.74668210485
44078.325473624966
31107.067959966123
5420.390237563222
34002.795494056794
38758.87684827079
37811.63480629697
3749.283500510912
32453.23236117376
43669.14368829854
12809.157909842497
44100.0
23901.753759606636
21144.43867682597
2458.323978150583
9431.9921301907
30280.688972609867
11797.67097788657
9753.380599324562
3852.028494453441
557.4387907827
30770.494245975766
40.14889310887841
17459.893800037786
40869.85667844139
12338.083331946707
14117.087379759525
37682.19478365609
34583.6063791215
18153.818816183793
12013.353560551532
13759.753989187764
39231.26351640936
19939.594873518803
39579.22943807769
30149.94280311987
13583.565212789063
31802.515805142106
39764.18964544677
37277.30927408277
40912.54849000989
27347.08693792492
34886.75583580088
4711.147921688046
33376.87654128421
31519.058199115465
33824.00540515867
33590.42474756631
298.73626387422667
18387.30324796147
11774.983973699887
32789.1470534467
8402.948267911752
8036.106791112101
42355.274062457276
36175.39298091693
37448.06881833135
41834.831207100695
12298.11693901211
16920.31015388433
15501.237623766194
37192.32574649777
33465.05745406654
5989.030028948046
43415.16436752136
12016.848422373203
7453.643545773337
13011.255332703617
20824.43490362623
13369.42720613727
13413.563688806757
22373.86252410696
43327.23683230385
37837.05424428289
43567.54040183177
35831.73816807269
4046.393440854584
1746.1351648524626
25453.572857580362
21143.303598404287
40919.60842982572
1548.9583839762513
44100.0
25704.445505220116
6639.3207302601095
11282.981547513198
25428.197708300406
2911.7394945404376
23772.63070524215
37128.07869283507
18711.665400568283
38112.75079816582
26396.319977414907
41430.39871550948
35570.935432222206
2500.576817497915
7407.959315460525
6374.955379862023
34730.6206450514
32364.141804598577
28688.743899673933
25867.006081384316
39319.72349055687
31076.18268672039
21253.826287457472
43888.50359245451
36178.66515095316
18516.74742813645
34326.6084729141
12098.44573366218
25284.240197163814
38161.345534534834
34626.053341248844
36221.09468256139
19419.791100671868
42488.027379901265
6201.456625344165
42354.47182430231
35589.8037806337
12234.06968342424
6768.8706789468415
13735.75851849734
25493.179665676726
20355.233422964717
21662.15949827623
6681.202391628401
25298.430582166526
38050.96759157962
151.86225979471044
39531.24446829439
40718.85854272954
13269.581851772731
16191.666696654454
17589.184777258477
39382.05825596567
6821.2348113204625
37981.21367568917
28383.813717751465
32494.76729845299
41126.22273037715
22119.472409617603
6824.5649283154735
31978.18067487039
39386.268888688224
30062.808968363413
5097.585890050639
35764.026637412695
23833.885312123977
3828.156262579293
8483.582604467156
21666.09885662301
43107.27289959411
13588.873223528282
39036.61336982636
6971.55425699813
37168.165029751646
43194.85192421581
31329.793177566087
40957.955280926566
18300.464973143724
35016.932792271204
26183.12489992506
13546.043107841095
18191.74832543267
5832.522241519186
13632.597930566006
18607.21855385287
40334.61890558132
16362.673397839015
31345.657445840214
38118.3258357199
2303.2539328843322
5010.30514939321
858.6478402432532
8439.86416249726
6977.6497579883
18273.559134698844
35230.72523736987
33138.17009559728
26136.008783186335
29024.591924290435
29001.573695752497
29828.551962732217
11070.397599457736
32777.74748497257
41882.4658290602
37098.906459054226
4049.5816751364964
22696.222103999924
36482.540710798334
6096.900320037434
10293.736815593164
23084.816570952153
27627.624308245675
37557.009352697896
17260.697012234108
34531.84439837717
30104.772773059558
11819.773722485632
31678.659334399043
24641.207749864483
35618.10999177259
43816.76889667567
23572.90615215468
4715.698401990507
4586.407861839915
17912.534722999288
40615.84454996254
26524.760875446085
7280.599214219176
15400.97452960747
13264.808661513418
14190.120196091118
25167.05478542108
23839.018314219287
27064.121007448226
38347.71194090221
42417.1463574985
35658.24913994184
31501.330796247268
26183.19294524838
24442.49932977766
22247.161416708015
5275.828842312666
990.1759257327159
32015.84188083403
29800.385625994088
8160.77662372746
40116.399009743065
40929.6611976009
9969.147153821168
19139.33480224195
32602.178435568818
41819.64982001342
16408.488415963675
23145.69217389949
30402.031281409196
15337.7719756846
30641.341588799336
29932.178551217097
26589.85680003739
23608.978276795908
23808.089424953454
19355.49964650491
18777.51465243191
18046.36834850277
15999.145127152078
20063.974585178523
1958.5234913017339
18949.49917715934
599.797031061374
28427.80926109163
38583.51628848559
22543.572287943196
43259.69651953236
15721.43213988629
15121.734418672526
17825.824886977964
17779.918669555238
216.73860216250552
42116.52863416088
9663.646614946549
299.96150757095
24412.336956803916
23276.781223745107
37770.42033741658
10965.883552362973
24461.860398819084
42162.47911240245
13460.574642295485
34352.80531245083
19160.355911513427
34215.86543780357
3786.007185155247
21985.879846356394
22026.88032054113
29247.117924026792
14084.452356835469
40723.37698714969
26507.803819418274
27255.01198189128
7038.02424119163
43928.01411965446
19117.430448802006
27195.919149784153
8050.106365818723
3318.016663770922
25625.582026866206
16491.391284054513
22869.389435751313
2128.2516689967474
21961.18524858063
16387.15333221267
44100.0
25879.31952881967
40311.52235033206
20217.13006385827
42743.37281856783
14298.706315204736
4032.901985303197
12411.691741501456
498.7430351299519
8590.107990163096
8092.767457665389
24736.110945278935
33694.414186528484
6203.477985483742
18168.388131468295
12039.776996047258
10768.068334370964
987.0982645475631
27951.776040351415
40694.27956773563
38954.12466236867
12730.450647380854
32793.292149820256
17424.704164348204
25452.16974715633
26956.628774454
24635.733742758104
38526.62678125074
43305.01753717774
27088.023334003345
30601.423782207083
27175.343494131124
42852.61032943511
24849.555636075234
21295.07340301921
17471.21597862719
33462.25237635071
41924.822400008234
34804.77524494817
29264.904390433236
27887.900436849657
30729.12554591052
42373.78691504192
7843.757021512331
6587.363252183722
36609.041890547065
11284.110930134699
38787.841329902294
277.8395004924619
3918.2996941539113
27194.50368695286
276.83187335987435
3422.380850409675
2093.8370220604033
35020.83522179404
41294.26618066711
13465.252969305213
27286.918327360017
11713.638819008293
2909.6939288408553
17400.54260259755
12145.350991720457
36202.2936755986
42448.84313556786
6272.2987331587965
40376.95207332387
23938.07049077315
32362.05872447032
36493.927855195914
15652.556700517875
17289.24831186953
17056.607047573885
24845.11853717531
30277.684258706075
11976.286763642338
26489.205256748457
36838.40681083172
30426.084545772308
9002.315694682371
1031.6828073407958
43412.03335654206
31006.858570183478
212.03662912903172
37832.13341346323
38461.02170124977
39812.836348410536
19035.376467478924
36453.2611046566
3076.92553958824
9369.381909042346
21534.788822835104
38244.45147900222
9150.545595926736
6633.516913380298
11760.79803096132
32258.431412313097
43687.33375320197
34280.78214051262
4817.326475961814
9306.88768085485
28611.961374393326
25295.20530282909
34238.34021742576
37731.19918789803
22761.619164826207
24695.29390167241
13418.004862527523
32384.776102040643
28536.064774551523
39513.493500476616
17878.72787870824
36085.25357925355
20691.151926883307
19358.128861815192
13761.711803564664
27855.98300775601
18370.89263099565
40394.303080997786
33785.91460685085
3787.006299531803
27195.59777087785
27452.489479398042
948.0439577747162
12446.862640407993
17501.55799982472
27306.781430190502
37142.18766285326
3700.9430059896818
25670.480850910488
24995.477154928114
15156.978000020801
41213.60845894282
30473.68365001002
11503.8276455275
42155.28590398093
43090.01818126781
8051.4700077765765
30164.82293573125
35535.53660043083
42272.34640080922
28718.366072792986
31499.09991317543
4633.769289109293
32281.408298649832
2819.2730854727097
294.6782198317086
30039.028043567647
2882.9612025069514
22028.20816265405
19638.042260417238
1677.9836133199847
3446.917355949901
4700.324267693582
2863.4377417074575
8936.938480479033
23819.179038516744
8008.320496844769
20864.467277732052
22107.984675828906
14467.2232329752
13799.736486486001
39190.64070654362
7691.51961165979
25515.723418246875
30039.304213608026
23769.739868152876
35144.95218206827
13763.90978316757
34585.56795801043
6416.8993477569375
41426.4467119967
38436.83099135347
7166.619826017671
21768.959326388125
28292.60695785559
42202.10341031916
16514.703205305526
38175.341832309816
22867.121361149664
7624.889340093136
21255.14214966262
31522.17438928207
8068.375701447045
41729.404994194556
27751.232769064016
32273.467285398987
718.4486824063349
37149.52188298732
25144.852732579075
64.95388062951601
10467.460103451016
26700.82278988298
39985.50931600749
42287.627779667804
16385.557471101154
1741.4979118043545
18648.704589009874
28206.965873991452
733.8462938333129
1435.814656473461
43303.490467413496
4691.403558687683
11193.60556588739
10529.93318640434
42727.16713358757
34089.29076803912
43498.535259917466
40506.59785795091
30320.184997708162
19657.640638561872
26202.814928986085
25858.704988329602
15004.053863261808
40434.87722706645
37429.05162201095
2003.8417366361782
30341.774150616453
21598.489569533456
5766.014184485308
20712.811108280563
15264.055132795902
14921.488313624204
10107.54957240379
2175.822828275109
4454.199906214116
6652.931040898942
29699.342379031932
35103.40392072001
22733.5444623353
31024.589670601385
17373.383651786786
28100.756361433792
37404.65203088946
40356.786537009146
38027.74917414977
35638.362993593895
3291.4381061888284
29755.2745037146
43383.43349295386
34307.69726567133
41945.29872164611
26078.223990117553
39440.78823325992
43257.1475466035
21876.88052534971
21434.790257422035
27828.73087947833
36352.722965221794
4240.131327587983
20738.9240747948
24954.50195403451
24758.0497153559
31892.973561971037
33998.29017100532
42008.106183981654
26421.989838437752
13465.238210270085
15293.176990235726
30035.852195329957
43495.673884456046
28792.564465498657
26851.692031405666
42443.43593050458
42097.921411797935
39855.95390224274
34407.71889794677
22695.13369832125
42095.36929648963
4372.292226251576
19298.317585654735
18199.240829512953
28314.68849241153
4477.966037118625
36075.554468423434
41126.713742530555
16747.810046933202
7295.788046088818
6610.615874444922
34536.80001342664
35661.33222640786
38807.35858270722
19447.52492337235
15202.752003919306
6713.4630938174305
17675.76848272809
19894.564325914267
42609.90953657547
10635.023785704663
30057.349981827672
14644.699308480414
12788.844643776034
278.401519737686
42746.16344196855
41278.94249274716
13928.954562144832
13285.973488673792
32862.066852152086
25126.30038577228
8638.97469049082
2192.0814513038313
16382.435176357085
3959.1300851525407
40804.78956895783
4937.685264990023
32860.448475635334
43374.14827599684
40956.61634722876
23512.68531582891
29328.802299226798
5772.1612945135275
3621.3623103951154
31285.799253182806
30594.22898970887
7756.51605607012
27502.815606872642
37117.34871602798
16646.072460798816
36742.576072271986
28442.123412952595
4865.519262096249
38481.54454288148
7922.20422032573
43350.33120096622
39840.1937176483
8674.61746962712
28487.95208161065
6442.0286008909625
40999.85540798372
28700.01185551494
34567.480245923674
10530.94825352582
37766.29490794767
14839.595396423649
21429.113839726208
28449.090479281957
43000.396495232075
23855.19324172175
17792.25939153813
18930.82625407778
9350.728050779624
6226.441804165708
36350.387122065775
38093.17533604266
37897.981450738785
39903.3724305497
25791.962299557992
10396.790035632048
26488.53951319893
11805.82432916001
24222.922832591954
28724.16854166552
27284.206313826788
23128.75233045303
38521.35854908029
24139.000510909384
30450.294695210614
33050.08410439802
4954.910315847239
1832.4129087858862
31440.842848236447
39880.77556866135
152.23140246330775
33203.82884706593
27392.342430895642
38975.17260930978
20157.399927576866
44043.18718221006
36109.450987310454
30471.139146373975
24698.297357903524
31135.118491507445
42639.008891342586
28184.808911073178
2541.049425844663
21767.70504993037
44018.61402915289
44100.0
19566.933860176257
12810.273367675767
35724.212439407725
36067.16955567881
38887.59685070999
31244.837275215094
15005.228769466461
14385.346243199336
40890.836405202404
37290.91743143456
34756.96850024641
37856.657493939245
14815.738416202481
9001.483506394678
44075.82503568765
2265.9295028268803
20866.063814084057
28616.770409034463
35490.110987559485
36884.28437980862
39121.47629379278
38868.23785143779
34020.64392341658
729.9292027516585
11004.54581771829
41839.86920442902
33715.992211203265
23406.36543512673
35445.43539239103
27906.02739332669
17488.19534075002
42673.99373720796
33981.05359691544
2864.7553794991136
752.0881241454206
34058.88349458153
1980.4013364021273
39816.01208148848
28332.771953488627
10102.595867619493
23189.47189730526
8096.652505317941
5039.502633280266
33172.47848253442
21877.6545064436
15589.066189873562
37595.48599473665
38072.39464150449
193.64029873111102
43065.76821577403
2843.16653088077
11671.68193992171
18648.93576140668
13695.69217195398
22463.070024658082
37447.63994359611
42872.38422405662
40377.74040986547
10555.40921864637
40368.603064364404
13395.719915075926
23041.477550225918
26792.65990471946
21100.732908185415
6954.766062999407
22089.418528040907
22996.147407487522
11753.822253613644
36929.54906659893
25303.509411032388
6092.734817657496
40008.022570906716
22495.95414682826
35291.300839039555
10121.023189827065
27579.949978850927
42271.331463507755
13567.313920141984
21193.601460187372
12032.139462265006
15610.213261384837
22718.592977339405
13028.106007072445
37319.84307701402
42854.23642751684
12530.649022506263
19144.738948160622
10981.995818219526
36865.60799402772
42081.17259213439
24996.68745722776
12470.974518682746
34453.501074756176
38285.742827433496
1526.2070197272135
35117.69752166219
14233.669753363742
27173.36047942225
43067.42022029089
24526.622771205442
8423.724800315813
4071.786726190249
5878.993225610104
24116.661456411653
16989.340433761536
17247.916824242315
3137.657592414726
34107.96166915051
4804.977033747244
18189.12461812864
34860.01769514868
3612.258728479984
15244.716156922546
861.4089599805425
23621.70043978683
37162.11647936207
16687.28097820946
13526.342011277522
28125.04989674633
34905.83254157271
33916.587121063385
13356.505298334214
34063.0223725587
12764.31238118613
9949.429502323177
27020.52220092528
21616.263705839858
41191.72548414434
29309.64310138804
44100.0
34040.35359950447
5342.657099788371
3334.2715631088845
22845.594136124317
36307.00197232998
33287.895343727
21470.498549030766
15395.340837959156
6459.114337837754
1852.8327097641477
5969.3302510202075
15573.127655929437
9803.435381793248
29112.5326098589
21833.946810955353
31889.7873834407
4281.971412819705
18151.772969876252
32339.176577984414
14603.156156265097
1505.1218407994584
26418.778933061836
2713.549844577574
2949.6470631796424
40093.95887710632
6266.913986627357
11323.22726967073
20904.143031963362
14086.786831398898
21229.90429697294
24957.76773255273
6052.501506698536
5237.72596392303
22372.417626668972
43005.59717242961
11028.2201726928
40007.56313280236
7168.085673314983
34390.40730661886
4200.196601750264
21148.057477146078
35116.196429760996
708.4967730693068
5474.386099738029
14494.51241683506
11305.48204773028
816.0635945942631
24825.55289345903
40891.04496278638
5233.239021400112
30395.292236511104
41815.73115027417
28324.253589329335
36813.37814362663
14446.092791571773
15548.788500815359
26312.884305292027
11107.931093556723
30173.16410356233
578.6383390801622
27707.66449198332
7533.7561301721535
10556.960261210208
10853.13048268966
39167.962207049684
16195.275830107823
9349.543157166576
35059.18995919686
25147.520417938613
28962.849581556617
26403.41680025092
34643.61081205085
20887.115254594766
10288.992878280964
6074.007331262672
23101.13411708437
42151.57711259523
20930.058875650175
25622.75744026674
35547.627236519365
3055.2367679776144
32580.3480837979
19056.121187302404
26939.18501627354
40395.58164718028
23146.385238465675
6743.428424939085
13584.78286810872
5879.446099049824
37945.89155276411
34390.502234743
13050.95557780757
33241.36997899101
33423.89518322886
4783.750193824534
42505.4923633238
2109.522902509481
17531.774752986035
2800.093138382988
22222.588885071153
19052.898277019227
6355.302827985055
10161.644542432414
14744.907439180915
5081.677620599716
26502.660747686587
19571.60137435168
24653.676044422533
39810.93707178832
21316.335772022885
6807.6216828859415
42166.14771947715
12124.494772670174
429.685717243407
23056.567203327526
12772.146244183616
12789.919315026787
4131.611023465706
31110.053677562923
15893.814142674051
20158.21559485869
37016.1922372397
24889.843473303707
15787.099111149366
1678.2552230209176
3354.7829226584704
20182.099829777515
44100.0
25068.54224848954
3589.7661144252047
28057.671970003503
12055.914782538079
19377.866362506316
20087.606244460385
20352.058660490133
19271.83962310468
38132.07127924244
36262.113702367526
24484.066742286508
11800.053190547962
40243.50870956089
1958.250907483162
25061.819034421063
5660.9539292187455
35938.021028953175
38608.90354985273
17403.16781283788
28617.213622835312
42403.6482613103
17720.78426774567
33959.13085663941
15135.504548156216
40031.174333188
20884.496290748637
43174.19179744119
12163.330054250622
32976.39394695706
26548.152888130004
14148.421427056872
42784.50896472023
14988.636516516697
20367.904332659324
25300.901824636872
35980.07490122344
15974.881592564576
44100.0
16645.346592443017
16149.753462904335
26678.518243804032
21358.895536512482
6573.969546320293
14662.224924350756
29741.12340351274
27307.087581081523
34025.807734063936
18345.582147766137
33522.82545085682
14579.500443926832
10746.897639993498
8055.001237284142
38460.543556887824
3961.3406664183517
23278.648452972193
39276.17539994132
15810.726723695894
5213.044311409936
36667.685786016395
19656.181821985723
20172.08490801721
38478.9163283252
13481.03876601218
42892.945139821044
42059.59010299155
3490.3128369603232
1054.0622522791982
17258.25795396043
35118.86445844695
9281.923430451196
42737.45355486062
42897.18774703601
17615.166775342404
1611.357444520286
4065.5309956244355
2903.5528713276467
17248.059231601732
4955.592342602788
11328.532999038864
10228.70793543738
10529.561412274783
41563.71836881879
13615.181446511018
17356.957016157412
18065.463164705572
36131.36952454727
42696.54730985832
2134.8821615326215
39389.86852730886
11499.184270826327
42156.65000531369
40566.58209262448
38765.52056653458
32150.823073533073
21054.49246944225
38035.50573287639
29542.634540564388
20004.56042089445
36192.98167098325
44100.0
36411.42792350283
35376.44408818698
36932.52475309534
1076.0757162918742
16413.754063620338
11456.171578875923
34062.94398288541
25640.39267130224
25774.906561996224
10722.866050202088
28704.14234618474
922.756724589203
5753.99938859219
16706.176876445752
35984.79473913418
32513.57799999538
7903.17537733032
6545.910793610326
42785.38682904146
37920.208260365565
18068.78035511092
11243.36048701929
1307.0723417730278
36650.60103057895
40285.31372842402
26060.77260315378
9948.46045461416
41903.307276330255
30203.801666302217
10097.856431674178
30186.69424616732
41897.98635746108
18541.988866394026
2523.0052604380876
8931.745896199514
27923.035110269524
28386.838277301453
23989.287182935655
43192.978619522226
35118.76744708889
37982.546662724126
39815.15748996545
1533.6712836188321
13261.6635957099
30082.768124774444
30809.581742261926
37642.25574180183
12143.713927829835
19764.276524431614
37961.61022732776
2518.044270925106
27665.78369374086
2043.0534666504918
8677.591161758504
43051.341672284936
4326.8239674470715
2300.8251429620636
32990.900147576314
34602.75366756999
5345.095774463552
16230.533102595367
1331.648675268925
42179.44440875228
4716.915862728072
388.6442802620116
4829.307083369106
24847.320137161554
44.142039428919496
31785.859817463508
30379.513881537732
33311.337692636465
16796.477417823593
800.678011158267
39408.651739228444
27363.809087410176
5084.9659845158085
40464.04972568215
22113.47680061112
11645.274996814203
44035.22194193076
29691.09457361467
42356.388176493936
41899.37614411589
43536.46740374557
21143.594644578305
35466.03257993106
32997.17346274532
32900.80405976816
19677.839862357843
30295.672988439426
37703.880203968954
1041.9642248782875
43318.734368205325
40309.10909964483
37120.22556590282
7082.248638205387
1094.7990765015597
25757.929455261365
7510.195969833271
20931.586767574103
35313.72817733334
38542.273453601796
7150.087087263339
21272.572522050355
4868.815915737927
11272.285433709712
5815.265598265789
22801.57632747847
30921.103718240236
19310.976206687355
29631.450355998764
3489.887461098628
41838.300091223166
37792.13689021678
3206.0345872312864
16953.099492910856
17779.56412581595
30406.995910383997
622.827903410213
6244.5819032558165
2586.4002800825465
41758.33459101363
38801.94881897826
35271.965002481615
13993.067067638525
42651.82713516339
33295.83534060771
13269.873485769389
36500.6951066935
20867.193697840805
18370.328647201746
43128.54208051994
32793.65864986083
32170.318256966955
3984.55454077658
30838.186978753205
13820.855492436453
31303.15904070066
14729.977738299745
5146.111558295463
28742.301665024755
18992.244272110405
4471.887573250999
7450.477060732288
43645.22541327543
35875.73164076249
4847.522149600235
28343.821521044243
20884.097267081885
41776.17294433588
8919.035667648664
5064.468864999238
15546.570355317126
20864.58282684836
36756.75482433334
25625.187827394624
10059.427215291353
31477.19582551535
30509.712533284826
12118.534725151847
6205.365094283832
29071.79569888724
41586.43616584774
20755.564707425237
35703.43282411385
7171.433774279991
20175.27833529171
29012.60853178592
473.0096844130449
28680.20153696637
31087.199319897078
37689.8874332761
12685.075100804206
10575.33106224613
40014.12272624179
10572.933127270318
5986.176103095827
25410.108019489195
9773.62469630357
4692.3139559637575
20585.701860542602
10980.316171746066
9862.475197943191
31613.290760671687
30642.16451534512
28873.501801481867
21634.839372604816
36333.74157287018
22500.02044664015
27846.248057082204
24674.448571816163
40591.92965618969
9478.186658878885
5819.0725636290545
27931.911869238542
21519.073575302315
6780.0046080972
27516.45104353323
40864.76577215302
16665.37826044081
4779.680317922536
15807.64145938086
28532.01553663184
38608.438308845725
16367.689273164297
3018.308311031914
18298.829877367156
31009.277312408703
33134.10641866605
8185.461056626774
35320.96375811723
18003.384592270682
1267.8104575096079
29476.064130017723
43474.894118983095
29803.234584318812
5766.7490066405935
26828.76694636247
30833.348575556254
20042.380072216292
35938.70893097572
10039.64722349584
40010.67864338332
16667.394694726547
3377.893574094429
35273.34123034062
8609.108344973052
26704.365882549937
668.1022019334999
16538.45346675723
32297.03535007554
8720.181261647456
1271.8889265156731
26768.608561630524
820.5091128960005
38279.593496428904
29118.48246705509
41041.39810512853
41430.03810082529
43988.20734858513
43607.64398578561
23945.09150652341
26242.194242323687
19080.872163682954
13331.55814892784
7259.459657168595
39432.10588236013
7261.026437339299
10506.718654664211
21774.884470940964
30685.24473477074
19379.753932850595
23188.54996218652
25452.881042590394
11623.85923509182
34695.93108714792
4584.257411548274
30619.282197512075
41878.63912743564
36432.21833314114
22241.99384829199
14015.964412600337
24692.057924201938
41230.093930005605
24615.467859453427
36089.52353683938
15072.021400754931
5424.873001516583
69.09679827631713
27172.39416006607
3573.0916802841
21534.834636497868
6638.112956103926
4286.799702406048
39495.58156753238
13999.329178883958
9715.147500029872
12119.702728557158
44052.48147847229
22329.159112747344
22957.295992953645
20172.59071200307
29691.381506484344
21680.780949605887
8456.99930320535
11908.810228178205
4370.264852672423
28227.493233497662
9579.971594066616
13200.055236387654
14298.8257158619
9735.632095340598
6525.819699279028
36002.483067116904
31433.895668877096
18906.244291511794
4172.467461561858
10553.019379889065
42483.40545395649
27539.079266086952
43096.33516375598
20494.85125659406
35098.39355607469
9708.111542914323
37878.950348367616
2132.67234070316
2045.9584266555196
28101.877282471523
40700.74503658538
16385.431137497704
21270.36282241547
39663.94469023745
28698.446419624554
4111.549937865323
13547.582674293924
34668.5220031698
5165.211359794153
39963.489830253864
39833.57146925189
13331.211849180178
21253.45427629454
13280.91548694148
14126.043107046764
5641.851443495753
7770.363264412778
6476.370777816538
9691.447064357631
36050.003007417814
3205.735121658102
26140.57816969092
3604.1975759548054
16624.73568856723
5753.062110084087
5659.913655819396
28229.32045580095
21942.374393573285
20369.564998329166
38222.46417916611
7316.116719052242
6760.5452631367625
31309.811816742887
38159.53362646472
24806.383232374374
30426.628977937125
34517.36418953205
21098.50752203403
11751.329625429407
2024.7640461609722
29950.09048252792
10183.556592055085
34645.62464094257
11800.119689008725
28784.16414015613
16739.19302155913
4582.60507152219
39450.73832934153
39856.04862941748
5272.064191419385
34390.1545530516
4720.04504914744
39600.7938705106
5858.850842088227
18815.92984555393
8761.015959273216
41941.65614200937
29606.820923495503
25171.10921944643
33667.2173713516
5127.116174198902
23063.92474084555
6162.591774098168
3319.3771114711667
8658.506848126806
19900.397574848725
2927.1376333292774
41446.95139391752
39752.001116703446
4353.198917810673
11048.50337941033
35726.167823679905
16322.417559854648
20695.484736312774
39511.14036283954
34325.57262963817
43777.56577643019
43061.13195943191
40889.06079450473
40331.80770062805
37103.03820490877
17848.031812283145
40203.76618664683
2842.3553127990535
42339.21886380298
6693.296513216208
13195.243119394498
20686.739102922318
2071.7880835679816
11839.035860671844
43582.95388324569
4782.556499822226
25320.687780789176
15010.342464554593
31119.548503087324
41597.75821436779
16928.709014988406
10895.295711980772
5815.073140609308
27972.659799734898
7689.486206180214
41796.81356082791
44100.0
41450.26114677135
17898.423798856635
11004.32040647894
37429.50623119762
25730.43350082889
11326.48158453056
30468.673996592937
34322.71211508314
18537.366663455614
11629.402225642174
36087.98337158806
18514.69874728737
2027.6748314658678
18147.682535993434
7219.886922802603
33135.82929273347
38848.516530371315
28251.39188578009
6048.4511410661125
7817.400825660878
38112.11472226331
8306.490221460588
8543.09143324339
13045.357837543092
12917.461446976187
31693.37384198378
31311.274968436846
43779.89081138476
6847.46006391372
20998.96621965637
25473.93782311899
32688.45737432692
42269.901742157155
26791.296073741978
27396.234058085458
2955.298541688438
20973.3634684913
11800.994694635112
2707.0721036668588
9212.042472338035
41714.29820575727
11302.595491302574
7194.90561798168
4912.750146158212
23540.891899676506
41284.188503051184
27437.34016983283
7191.648303661834
40808.75941671605
15806.02854790166
30770.330299059915
26210.892916068216
13291.024841945205
2623.232038105049
22632.252120203004
37081.04568501258
725.0348740969972
7468.560208529129
19814.897502315824
32514.929108498447
34407.027079782194
43758.01788881359
27194.16795744216
16172.639476439368
26168.676395637314
39556.675298473
29199.90830168133
27134.652684497087
20008.142133065056
23321.398541340655
8372.842338623894
31459.249314655986
17317.141522956827
26465.26247069164
6543.657152258606
32901.58736486543
28256.98100415909
16168.226595655482
28211.664881243996
43240.41850603137
38868.3640286201
16621.642793943294
21484.11329470325
37810.7484219111
25710.880040867545
15280.633430162205
3017.9751644763014
19057.697110832203
30168.962544216887
27653.510120917246
24660.684150931495
26313.796467461514
33483.796472237715
34341.97869834196
37811.06906371518
21082.34574272575
14380.815196545505
7306.97631407943
41214.751794486954
12748.61795056711
29783.820748916296
29402.17316595127
40417.855266860955
19101.098595786694
13564.323188124778
16492.14741582188
2430.2390472302427
32249.754940829724
23537.324762121345
36947.79613158336
13348.830429948812
29455.142880105526
20864.304228740635
9986.45563366134
29976.682450413016
32040.860782315445
3012.8423233101544
7604.844832521612
40161.6558094081
31780.451161972152
29346.766314177734
26340.472813370016
17766.249960979047
17314.97449309909
25925.28728860442
29914.6494567889
2974.1589416432753
34061.879952488394
40650.75286153409
23595.255868921988
25280.638294646982
29973.42524965586
35549.2755972324
39986.77724007722
2459.959371651299
23665.086471056773
24392.95072796884
22797.854429952768
42938.725263893764
13587.471823085629
29519.6215895421
3182.629574322355
27667.429589573676
26376.576517134396
40714.97059149082
40457.66864469045
15310.531546254406
170.22479191993318
7425.249544303822
30018.970410162743
21579.0186899981
27281.575184588775
40954.82721977242
42826.87889305331
34431.13376999928
35827.49520963003
21358.75844757862
7238.459920719444
13177.682357888287
37925.56008222071
25318.929336499965
9279.036815734904
27783.337881229934
42937.65982350854
35098.185926519465
22372.075345196754
28034.436812534437
10424.550430026413
28616.638477158525
35053.21406440264
20733.604685345366
11635.069982044311
24589.05356008181
30061.501240745252
43063.23479331627
15292.033095165169
22263.854704469777
18264.08255986288
11451.61369287262
9753.835604119533
38847.17048118206
14104.574151706325
8409.991395298017
37851.76046933071
28098.909773946387
12335.910235344973
11588.256786550739
35143.43879917155
25563.184654278124
42639.08970129234
27286.228441747386
15352.081577942761
34869.50798992144
37100.46608544937
31247.824422131536
36968.36006919143
34606.92512451154
21317.527588737783
24373.080175846415
33844.652875201
1594.8706296106238
28317.976201941405
34015.52477829769
43817.38932310042
27473.877456509807
32859.19819814159
15050.164832834862
5957.125494321913
13675.61384441873
33224.49522071315
2471.234829628122
5666.503570396717
2435.35549647447
43773.08915224576
19117.70747308152
31997.22624050928
18449.817395244434
7175.685908463208
32129.88992998698
16602.410741534393
27024.919300730242
38956.61199033104
3357.660318494728
20001.892058146102
6525.949745789662
1465.901042432122
4584.8886656429195
42655.341785358054
29737.001611723375
29871.031693422425
39129.47470240787
6906.448848449795
31912.085397445706
19937.22826871503
13415.240852952193
35382.53484132774
14925.53238568139
42678.81465776875
12120.219788497909
7533.853545886413
26420.65369615643
35099.139852245054
25129.842451906035
32168.44943869393
12509.12691181464
19963.387920242436
28165.514979221633
35808.03250578858
14531.087248549533
41515.002307245384
19622.710274966314
19915.72153822083
13890.661662041517
17788.813796578554
29902.64859554246
18712.737490068008
42141.58983848784
14815.991424675505
41972.19735881369
21363.455170543377
4480.121869317504
3315.1059979545203
14918.563512350282
37808.264412659366
3190.441083223531
23660.101106619277
29327.960682536428
9087.252226437084
36368.19592841321
32921.775991610564
36343.15208778814
28149.413358159574
35468.348435503525
26741.815291655166
41835.61975378136
6460.524790093207
15374.975829741235
30169.360938793845
2756.5720917981457
24332.158068022865
10636.895208806247
3458.1564857190474
30383.725935512502
29607.77949189408
37730.096667721344
17036.248440651478
34606.30115341137
6394.146448591869
28077.74766578697
11478.273140699333
19893.40334759611
24122.500367852193
3961.070399337933
44100.0
36801.07820923217
40846.36321487524
40312.536467390186
16725.371794788916
12120.596832757092
17291.245088284642
8531.341392590584
5059.304081045141
21902.063316693515
9063.628898483817
8204.814434537398
6023.234792541377
15628.139746646426
9924.466706265983
9320.1292996593
17919.66406742996
21641.66378854847
603.3637359372752
20572.361422912945
9706.331744819223
64.7552612369924
24134.566830570755
38584.488228779475
7926.3556454100635
16981.912265968378
13564.795114490942
4278.893059349921
13373.50856174678
31006.992750079997
31140.26735486255
37876.95480072162
1976.1773146086803
7083.111161539012
15351.270941207993
31822.842361362895
19139.400067188595
37833.91644005069
35442.27666547694
25707.858461863325
14634.198842710952
30020.785778567748
18412.651168585624
11157.980501564958
5474.17876156504
38697.59270946041
29549.459769725236
20693.83988796726
33956.7160760891
24011.572677267755
25818.162576563187
40978.903559710394
22312.680563966165
18670.16697696726
29927.40964133371
25755.504672078154
9560.81776184216
9299.463861884922
34964.94080547087
19816.090931456965
21275.15521769559
42142.286685478495
18542.75554401907
13934.025082836499
8483.738178243873
17130.476256811653
30877.39975719453
626.7824852179594
35721.98397186525
7943.15570443067
26551.867387075494
33568.02285769385
2798.037785183144
39370.852104588295
27890.12747013249
10723.271131148334
38546.73289851209
20021.873818564654
10461.941672660054
28144.125097483568
10426.152299853788
33784.472903905145
41063.49465733883
18760.285734399728
11175.455839466238
5642.096445626497
9600.890702049359
33825.390730922496
10356.29172549709
6808.883994516837
16563.156060618043
8056.730390047067
10031.302790611675
4930.539621750267
19124.896374608357
35225.27920218742
7497.920786005808
8227.10323918554
39991.76845501628
105.60854077804471
38386.93083895001
20952.815029819845
29865.656591081537
15446.111244092584
6177.8474211241555
28118.41465812309
22441.865567216995
7664.697847697798
32537.646439362146
2454.624033911046
35465.60285667536
24092.130353539465
22053.255691149196
43193.56312900761
25818.493721266303
25173.32666874566
35959.91936071509
35743.84063515704
38719.264888580394
33974.508017044696
35763.114613670776
8268.213492756702
30918.397382062532
5984.629200820662
819.7338044484932
40289.50087570217
9387.938676613765
10511.858549316034
5288.33050172663
6008.565541306623
21795.958317709104
24092.94824540298
29505.90745428957
40741.836473663185
40007.04873582453
36653.62019727022
31995.05490206714
31458.82147598878
39814.585075475545
29260.197375813736
31457.587772748895
37150.75699072301
43256.54437109003
4998.985385146187
2431.24282871731
36821.68359774038
12375.71211222673
5553.155921007595
15628.417071711094
17938.837948649034
21967.120035981414
23516.44745456836
7749.255148318362
14101.212801321768
17869.620340413832
3599.9900841662097
17094.861926032285
44100.0
17293.822907988968
36091.55372141244
18708.4572723614
13824.735910946198
30342.660187039954
17547.427714333062
1251.1878390968636
28064.29730914297
20651.06848730196
28772.06124563096
33697.24426822998
23333.540648644514
15542.406052948363
6717.731929089224
36181.20530410712
44100.0
38719.715510721835
44076.4584592458
12855.48566762126
10461.588628910942
36990.271060896914
18565.737908615858
41542.555932546886
6417.458517748801
9668.247505168803
39300.60153468841
31572.243235596205
30248.78615368608
9746.00269297838
24311.307518616202
20411.785502017698
38458.78697966408
16326.784559458261
36913.22460643399
21751.698823685536
2715.472642367638
24551.881289211833
16431.758692688607
35446.10702657685
27155.493227910065
5814.228184402788
16926.09633116361
166.7211821423651
26358.37239556286
33316.83431514885
923.3656778636278
25283.54233816377
6332.365946651756
36116.68592330692
16641.320320756924
20759.329567557965
25370.2102395371
12100.565399529592
36827.91566300204
580.2672525215796
22090.250552474354
34539.161977958094
33178.153557940066
29736.651507557326
19275.30277847033
1916.1809906847936
26958.258478868756
38761.91190349509
35901.45380354315
32732.021940551524
21103.33890159055
41038.96781793024
6606.419597373022
41843.17715377695
4818.428776935649
35660.04846894408
30946.215680490863
4581.037525449569
28078.316671230168
687.1090949661268
29346.211580381547
38697.44545277102
39257.68241936341
20693.64303208347
32056.737085790533
31438.170760240173
39830.412250213754
9088.896862779862
629.4581098644082
19123.762420364143
18319.491079616793
39603.68366006529
22372.89716625618
24962.03598235908
14988.354544191001
34924.19302191795
43882.51689353408
175.60236438670515
21424.17749906455
13244.18898887584
41036.87115907362
6294.476915678596
43967.713598025795
13674.377425069635
5552.961234933999
14188.579550967717
2499.5961400215283
25046.202597169944
9587.73948030155
2495.713337890548
11804.707651963072
11261.402846182658
39770.23554050524
21916.469340853335
43306.80659473691
39601.4297793946
44100.0
29501.65927330514
36908.11824437311
7256.534609925016
25510.935701465933
19484.804178392595
8097.473660563611
35548.57014240092
29413.840812154052
22764.89062261366
2538.6884337849124
35292.522279841716
11734.843267317836
39750.416123058116
24593.013488386845
38673.40788948902
37266.76925117918
29390.197822826063
2695.2213473835122
16773.051592933785
33161.00599116345
36935.58269000042
26015.930235673022
22093.8571393267
22500.477825676342
35939.87938287543
26703.757881336518
40799.829341159704
18969.630253744017
751.1996065808071
9063.798932089974
17612.41020167394
28426.071497840097
14852.688970044463
24823.21061891407
39238.91988023285
2950.726617816982
20179.351326394168
43541.07966393635
24377.128623167573
44100.0
41255.722788184125
23293.287085654716
38606.33352802167
7706.659451472277
32793.10701776404
3446.7572994951493
37706.95502048863
25016.879994191597
11065.127810029779
38718.03394802997
22009.91300083924
18496.9677740157
11197.605797749087
43415.614651430034
39904.44923329544
9605.42744225021
19405.06677474527
4218.273116689011
30494.352261812626
31549.895615923466
22020.77918479024
18068.47399775963
3893.8701084360255
20866.241839893388
25689.22305272417
26933.897171468816
17984.24673386834
39407.14129647818
37257.844857224474
16278.91443631426
35445.91749014064
5514.495670652594
23521.39737726801
17548.64775848152
26636.52458954654
17530.93344895748
1075.300162525928
4842.74175053031
12397.389547526504
8487.812493268053
34323.53116722456
43089.048639296125
6544.173781528399
28703.182844576622
13516.448085746213
715.888380938719
39062.517142926125
2975.637619965189
41279.211274528345
23430.671512002635
40975.621013100856
27434.331410640694
6095.036445834421
31096.004649063245
31780.164911481625
41100.23582562178
5149.1558554635985
38669.88441762608
89.64334325586606
6633.683357221442
9497.932046111948
38610.41977075038
2771.206994388778
7276.719432093191
38259.758939008054
27775.49872620928
35510.22375148272
40091.613906983
37786.27072882981
11219.706321005222
37077.839675967516
42532.91399455952
39039.90292199762
7172.9073634934775
8804.505823475693
17169.653478102056
26484.220615431786
39189.95287181063
4463.059075956217
11914.709968772488
17790.47189805064
26911.83369886491
25088.25997924409
11928.488427233282
6783.41841130089
19897.49178605755
18667.664076775094
3355.0392991738067
8608.487091244719
14150.421170873498
13129.935255706376
31393.119289031943
28867.26740228383
12985.849093195175
8657.696331503708
5062.863423655653
21103.87353473207
42617.20542486414
11906.421820561329
32808.870841510055
44100.0
5383.172784438002
2003.3776184951648
1877.6908402389913
20439.90496310851
32383.984612336615
2153.5036015323312
18452.404594300602
20388.463760964998
33422.33119917251
16325.897991033808
43675.7413590243
6633.109547381371
673.7927533123674
15975.708206872563
24288.19038622356
14905.092958904
18671.690700192812
27503.016341776307
33246.41614595255
20844.569045156382
22525.704757824456
39534.6149031241
36309.21293668146
30663.692472892115
43904.07367964588
44100.0
24905.925850080468
521.6693491749144
40931.74986168693
1894.381292862228
22871.88978054069
37555.71545178464
39720.831939500946
5108.967757343477
8005.1923412901715
9390.390505969273
43283.07943811041
22093.996466390276
32232.157635105512
16017.812195811768
39817.54061790602
21834.266750270875
18844.125873608296
5831.12970891701
32401.75415077838
773.2266609621325
38948.535514060844
23925.94096769126
1784.7952930596543
16362.93460461333
2023.3744226405154
4883.902752435115
41952.45769696035
7682.405365278922
26270.71606108137
27802.117910042285
35336.85122919908
25515.854585950383
8701.070760331584
2470.011290847404
31526.57812655238
40153.467078557864
28833.647942160755
14359.99689744882
16126.688190000541
32815.58383967614
27633.163141371315
20152.219204896293
1401.941272845477
14551.413313231882
44100.0
2841.893506025155
1439.5044009092144
40932.3491873318
26379.667806065037
23167.781903367526
44033.26463066675
27540.36222515593
38458.9696294991
44100.0
38333.855019025046
19291.30371030708
18285.31847017025
602.2865130624066
33569.50184287979
30764.491304910327
37747.18751623689
2889.663897171296
34644.53199469888
43413.18088970604
30229.710798338503
4478.735866493851
17202.03436762881
33935.54960200665
21593.87357636138
305.02283561173533
25498.00717789106
31910.421229961405
16945.995800018864
12187.505490762413
8074.417192157034
23988.016916613058
32449.610590742675
27243.15711296417
43602.46674320339
31885.066289514736
10957.624686428047
38756.09040359029
20047.560947535647
15115.955570520186
7083.11922087435
41085.113255941746
19616.81668785514
29366.143234131898
10397.296255732643
21712.411164312518
26183.583363253434
21146.43761314012
4068.829096423609
30944.1814601908
31694.34602969152
2265.342431862392
29001.29637034516
43130.06468761687
37924.23239470253
8227.356801797056
23174.935933827783
30446.582433026444
11152.783334837728
37407.41382120089
2335.179133006875
14452.909252775584
24371.759258941904
20932.972083946144
21895.815997704853
13501.147237957015
21470.676376245134
17251.249177797086
10352.587201402472
28529.843225724384
9996.340934270876
42676.83365655828
16584.69984020456
8481.075910634881
31377.62026852976
32191.487041266617
1137.5745662853562
35975.71386503449
112.97511248802927
43368.527063648995
37796.92995651502
493.5477685020389
41540.19678939489
39321.15831324024
9653.573149324553
41485.97202549496
43455.52088543778
712.2322873261528
43194.5327562661
42594.56837339897
584.5361831178666
38343.94291464554
305.3119957468362
860.1647975195478
42722.27204813115
42289.96327477454
43911.14572641919
2568.2399438417406
2142.122546746114
601.571586387131
173.1186359048655
42479.40595404897
44085.56854664387
43993.43798375845
44073.68020179579
44100.0
175.00600944805058
146.5042206474385
307.10831236657464
44100.0
44100.0
170.50374230935142
44100.0
44100.0
38.639219830939126
44016.17539915452
84.49431413897095
176.18082798496866
42.334608777646714
44057.09225383506
44058.57402777338
44056.11053345295
44058.08385611616
44057.17079777666
44056.61833147205
44057.37898675564
42.41836496199047
44.33793230105051
85.88040173208873
44060.36322117676
44058.00863090054
44057.054965846626
44055.59169727308
45.16665263581952
39.12671073236
41.774017268848596
47.44721995558803
84.35338993299962
44015.6374493435
44012.018657204826
44013.73434780228
44013.597286026816
44059.558691275946
44014.860044859306
44.82160168814406
82.84481679902096
88.09191046577028
83.2163693806879
84.00700608675992
49.24509652693572
44019.62924608287
44017.23281446846
40.19766166461421
15627.810621495357
84.57955556846525
28469.8695352766
44056.991594387284
44059.45366987078
15628.303332575246
85.48163687181645
40.69677875169765
40.15294226952017
nan
-30.28678742894505
nan
nan
nan